000 00500 00000000 00000000 00000000 00000000 00000000 00000000 00000000 00000000 00000000 00000000 00000000 00000000 00000000 00000000 00000000 00000000 
001 00600 00000000 00000000 00000000 00000000 00000000 00000000 00000000 00000000 00000000 00000000 00000000 00000000 00000000 00000000 00000000 00000000 
002 00701 00000000 00000000 00000000 00000000 00000000 00000000 00000000 00000000 00000000 00000000 00000000 00000000 00000000 00000000 00000000 00000000 
004 0C167 00000000 0000000f 00000000 00000000 00000000 00000000 00000000 0000000f 00000000 00000000 00000000 00000000 00000000 00000000 00000000 00000000 
006 00551 00000000 00000027 00000000 00000000 00000000 00000000 00000000 0000000f 00000000 00000000 00000000 00000000 00000000 00000000 00000000 00000000 
008 0C167 00000000 00000001 00000000 00000000 00000000 00000001 00000000 0000000f 00000000 00000000 00000000 00000000 00000000 00000000 00000000 00000000 
00A 10761 00000000 00000011 00000000 00000000 00000000 00000001 00000000 0000000f 00000000 00000000 00000000 00000000 00000000 00000000 00000000 00000000 
00C 10861 00000000 00000400 00000000 00000000 00000000 00000001 00000000 0000000f 00000000 00000000 00000000 00000000 00000000 00000000 00000000 00000000 
00E 00661 00000000 00000401 00000000 00000000 00000000 00000001 00000000 0000000f 00000001 00000000 00000000 00000000 00000000 00000000 00000000 00000000 
010 0B17 00000000 00000001 00000000 00000000 00000000 00000001 00000001 0000000f 00000001 00000000 00000000 00000000 00000000 00000000 00000000 00000000 
018 15000 00000000 00000018 00000000 00000000 00000000 00000001 00000001 0000000f 00000001 00000000 00000000 00000000 00000000 00000000 00000000 00000000 
