000 007000000000 00000000 00000000 00000000 00000000 00000000 00000000 00000000 00000000 00000000 00000000 00000000 00000000 00000000 00000000 00000000 00000000 
001 008010256000 00000000 00000256 00000000 00000001 00000000 00000000 00000000 00000000 00000000 00000000 00000000 00000000 00000000 00000000 00000000 00000000 
002 009010288000 00000000 00000288 00000000 00000001 00000000 00000000 00000000 00000000 00000256 00000000 00000000 00000000 00000000 00000000 00000000 00000000 
003 04E12000100b 00000000 00000001 0000000b 00000001 00000000 00000000 00000000 00000000 00000256 00000288 00000000 00000000 00000000 00000000 00000000 00000000 
004 00EE10ffd000 00000000 fffffffd 0000000b 00000001 00000000 00000000 00000000 00000000 00000256 00000288 00000000 00000000 00000000 00000000 00000800 00000000 
005 0FAE00000000 00000000 fffffffd 0000000b 00000001 00000000 00000000 00000000 00000000 00000256 00000288 00000000 00000000 00000000 00000000 000007fd 00000000 
006 0FBE10001000 00000000 00000001 0000000b 00000001 00000000 00000000 00000000 00000000 00000256 00000288 00000000 00000000 00000000 00000000 000007fd 00000000 
007 0F3E10002000 00000000 00000002 0000000b 00000001 00000000 00000000 00000000 00000000 00000256 00000288 00000000 00000000 00000000 00000000 000007fd 00000000 
008 0EA800000000 00000000 00000002 0000000b 00000001 00000000 00000000 00000000 00000000 00000256 00000288 00000000 00000000 00000000 00000000 000007fd 00000000 
009 0EB810016000 00000000 00000016 0000000b 00000001 00000000 00000000 00000000 00000000 00000256 00000288 00000000 00000000 00000000 00000000 000007fd 00000000 
00A 003AB0000000 00000000 00000016 0000000b 00000001 00000000 00000000 00000000 00000000 00000256 00000288 00000000 00000000 00000000 00000000 000007fd 00000000 
00B 0F3900000000 00000000 00000016 0000000b 00000001 00000000 00000000 00000000 00000000 00000256 00000288 00000000 00000000 00000000 00000000 000007fd 00000000 
00C 007710001000 00000000 00000001 0000000b 00000001 00000000 00000000 00000000 00000000 00000256 00000288 00000000 00000000 00000000 00000000 000007fd 00000000 
00D 008810001000 00000000 00000001 0000000b 00000001 00000000 00000000 00000000 00000001 00000256 00000288 00000000 00000000 00000000 00000000 000007fd 00000000 
00E 009910001000 00000000 00000001 0000000b 00000001 00000000 00000000 00000000 00000001 00000257 00000288 00000000 00000000 00000000 00000000 000007fd 00000000 
00F 092710016008 00000000 00000016 00000008 00000001 00000000 00000000 00000000 00000001 00000257 00000289 00000000 00000000 00000000 00000000 000007fd 00000000 
008 0EA800000000 00000000 00000016 00000008 00000001 00000000 00000000 00000000 00000001 00000257 00000289 00000000 00000000 00000000 00000000 000007fd 00000000 
009 0EB810016000 00000000 00000016 00000008 00000001 00000000 00000000 00000000 00000001 00000257 00000289 00000000 00000000 00000000 00000000 000007fd 00000000 
00A 003AB0000000 00000000 00000016 00000008 00000001 00000000 00000000 00000000 00000001 00000257 00000289 00000000 00000000 00000000 00000000 000007fd 00000000 
00B 0F3900000000 00000000 00000016 00000008 00000001 00000000 00000000 00000000 00000001 00000257 00000289 00000000 00000000 00000000 00000000 000007fd 00000000 
00C 007710001000 00000000 00000001 00000008 00000001 00000000 00000000 00000000 00000001 00000257 00000289 00000000 00000000 00000000 00000000 000007fd 00000000 
00D 008810001000 00000000 00000001 00000008 00000001 00000000 00000000 00000000 00000002 00000257 00000289 00000000 00000000 00000000 00000000 000007fd 00000000 
00E 009910001000 00000000 00000001 00000008 00000001 00000000 00000000 00000000 00000002 00000258 00000289 00000000 00000000 00000000 00000000 000007fd 00000000 
00F 092710016008 00000000 00000016 00000008 00000001 00000000 00000000 00000000 00000002 00000258 0000028a 00000000 00000000 00000000 00000000 000007fd 00000000 
008 0EA800000000 00000000 00000016 00000008 00000001 00000000 00000000 00000000 00000002 00000258 0000028a 00000000 00000000 00000000 00000000 000007fd 00000000 
009 0EB810016000 00000000 00000016 00000008 00000001 00000000 00000000 00000000 00000002 00000258 0000028a 00000000 00000000 00000000 00000000 000007fd 00000000 
00A 003AB0000000 00000000 00000016 00000008 00000001 00000000 00000000 00000000 00000002 00000258 0000028a 00000000 00000000 00000000 00000000 000007fd 00000000 
00B 0F3900000000 00000000 00000016 00000008 00000001 00000000 00000000 00000000 00000002 00000258 0000028a 00000000 00000000 00000000 00000000 000007fd 00000000 
00C 007710001000 00000000 00000001 00000008 00000001 00000000 00000000 00000000 00000002 00000258 0000028a 00000000 00000000 00000000 00000000 000007fd 00000000 
00D 008810001000 00000000 00000001 00000008 00000001 00000000 00000000 00000000 00000003 00000258 0000028a 00000000 00000000 00000000 00000000 000007fd 00000000 
00E 009910001000 00000000 00000001 00000008 00000001 00000000 00000000 00000000 00000003 00000259 0000028a 00000000 00000000 00000000 00000000 000007fd 00000000 
00F 092710016008 00000000 00000016 00000008 00000001 00000000 00000000 00000000 00000003 00000259 0000028b 00000000 00000000 00000000 00000000 000007fd 00000000 
008 0EA800000000 00000000 00000016 00000008 00000001 00000000 00000000 00000000 00000003 00000259 0000028b 00000000 00000000 00000000 00000000 000007fd 00000000 
009 0EB810016000 00000000 00000016 00000008 00000001 00000000 00000000 00000000 00000003 00000259 0000028b 00000000 00000000 00000000 00000000 000007fd 00000000 
00A 003AB0000000 00000000 00000016 00000008 00000001 00000000 00000000 00000000 00000003 00000259 0000028b 00000000 00000000 00000000 00000000 000007fd 00000000 
00B 0F3900000000 00000000 00000016 00000008 00000001 00000000 00000000 00000000 00000003 00000259 0000028b 00000000 00000000 00000000 00000000 000007fd 00000000 
00C 007710001000 00000000 00000001 00000008 00000001 00000000 00000000 00000000 00000003 00000259 0000028b 00000000 00000000 00000000 00000000 000007fd 00000000 
00D 008810001000 00000000 00000001 00000008 00000001 00000000 00000000 00000000 00000004 00000259 0000028b 00000000 00000000 00000000 00000000 000007fd 00000000 
00E 009910001000 00000000 00000001 00000008 00000001 00000000 00000000 00000000 00000004 0000025a 0000028b 00000000 00000000 00000000 00000000 000007fd 00000000 
00F 092710016008 00000000 00000016 00000008 00000001 00000000 00000000 00000000 00000004 0000025a 0000028c 00000000 00000000 00000000 00000000 000007fd 00000000 
008 0EA800000000 00000000 00000016 00000008 00000001 00000000 00000000 00000000 00000004 0000025a 0000028c 00000000 00000000 00000000 00000000 000007fd 00000000 
009 0EB810016000 00000000 00000016 00000008 00000001 00000000 00000000 00000000 00000004 0000025a 0000028c 00000000 00000000 00000000 00000000 000007fd 00000000 
00A 003AB0000000 00000000 00000016 00000008 00000001 00000000 00000000 00000000 00000004 0000025a 0000028c 00000000 00000000 00000000 00000000 000007fd 00000000 
00B 0F3900000000 00000000 00000016 00000008 00000001 00000000 00000000 00000000 00000004 0000025a 0000028c 00000000 00000000 00000000 00000000 000007fd 00000000 
00C 007710001000 00000000 00000001 00000008 00000001 00000000 00000000 00000000 00000004 0000025a 0000028c 00000000 00000000 00000000 00000000 000007fd 00000000 
00D 008810001000 00000000 00000001 00000008 00000001 00000000 00000000 00000000 00000005 0000025a 0000028c 00000000 00000000 00000000 00000000 000007fd 00000000 
00E 009910001000 00000000 00000001 00000008 00000001 00000000 00000000 00000000 00000005 0000025b 0000028c 00000000 00000000 00000000 00000000 000007fd 00000000 
00F 092710016008 00000000 00000016 00000008 00000001 00000000 00000000 00000000 00000005 0000025b 0000028d 00000000 00000000 00000000 00000000 000007fd 00000000 
008 0EA800000000 00000000 00000016 00000008 00000001 00000000 00000000 00000000 00000005 0000025b 0000028d 00000000 00000000 00000000 00000000 000007fd 00000000 
009 0EB810016000 00000000 00000016 00000008 00000001 00000000 00000000 00000000 00000005 0000025b 0000028d 00000000 00000000 00000000 00000000 000007fd 00000000 
00A 003AB0000000 00000000 00000016 00000008 00000001 00000000 00000000 00000000 00000005 0000025b 0000028d 00000000 00000000 00000000 00000000 000007fd 00000000 
00B 0F3900000000 00000000 00000016 00000008 00000001 00000000 00000000 00000000 00000005 0000025b 0000028d 00000000 00000000 00000000 00000000 000007fd 00000000 
00C 007710001000 00000000 00000001 00000008 00000001 00000000 00000000 00000000 00000005 0000025b 0000028d 00000000 00000000 00000000 00000000 000007fd 00000000 
00D 008810001000 00000000 00000001 00000008 00000001 00000000 00000000 00000000 00000006 0000025b 0000028d 00000000 00000000 00000000 00000000 000007fd 00000000 
00E 009910001000 00000000 00000001 00000008 00000001 00000000 00000000 00000000 00000006 0000025c 0000028d 00000000 00000000 00000000 00000000 000007fd 00000000 
00F 092710016008 00000000 00000016 00000008 00000001 00000000 00000000 00000000 00000006 0000025c 0000028e 00000000 00000000 00000000 00000000 000007fd 00000000 
008 0EA800000000 00000000 00000016 00000008 00000001 00000000 00000000 00000000 00000006 0000025c 0000028e 00000000 00000000 00000000 00000000 000007fd 00000000 
009 0EB810016000 00000000 00000016 00000008 00000001 00000000 00000000 00000000 00000006 0000025c 0000028e 00000000 00000000 00000000 00000000 000007fd 00000000 
00A 003AB0000000 00000000 00000016 00000008 00000001 00000000 00000000 00000000 00000006 0000025c 0000028e 00000000 00000000 00000000 00000000 000007fd 00000000 
00B 0F3900000000 00000000 00000016 00000008 00000001 00000000 00000000 00000000 00000006 0000025c 0000028e 00000000 00000000 00000000 00000000 000007fd 00000000 
00C 007710001000 00000000 00000001 00000008 00000001 00000000 00000000 00000000 00000006 0000025c 0000028e 00000000 00000000 00000000 00000000 000007fd 00000000 
00D 008810001000 00000000 00000001 00000008 00000001 00000000 00000000 00000000 00000007 0000025c 0000028e 00000000 00000000 00000000 00000000 000007fd 00000000 
00E 009910001000 00000000 00000001 00000008 00000001 00000000 00000000 00000000 00000007 0000025d 0000028e 00000000 00000000 00000000 00000000 000007fd 00000000 
00F 092710016008 00000000 00000016 00000008 00000001 00000000 00000000 00000000 00000007 0000025d 0000028f 00000000 00000000 00000000 00000000 000007fd 00000000 
008 0EA800000000 00000000 00000016 00000008 00000001 00000000 00000000 00000000 00000007 0000025d 0000028f 00000000 00000000 00000000 00000000 000007fd 00000000 
009 0EB810016000 00000000 00000016 00000008 00000001 00000000 00000000 00000000 00000007 0000025d 0000028f 00000000 00000000 00000000 00000000 000007fd 00000000 
00A 003AB0000000 00000000 00000016 00000008 00000001 00000000 00000000 00000000 00000007 0000025d 0000028f 00000000 00000000 00000000 00000000 000007fd 00000000 
00B 0F3900000000 00000000 00000016 00000008 00000001 00000000 00000000 00000000 00000007 0000025d 0000028f 00000000 00000000 00000000 00000000 000007fd 00000000 
00C 007710001000 00000000 00000001 00000008 00000001 00000000 00000000 00000000 00000007 0000025d 0000028f 00000000 00000000 00000000 00000000 000007fd 00000000 
00D 008810001000 00000000 00000001 00000008 00000001 00000000 00000000 00000000 00000008 0000025d 0000028f 00000000 00000000 00000000 00000000 000007fd 00000000 
00E 009910001000 00000000 00000001 00000008 00000001 00000000 00000000 00000000 00000008 0000025e 0000028f 00000000 00000000 00000000 00000000 000007fd 00000000 
00F 092710016008 00000000 00000016 00000008 00000001 00000000 00000000 00000000 00000008 0000025e 00000290 00000000 00000000 00000000 00000000 000007fd 00000000 
008 0EA800000000 00000000 00000016 00000008 00000001 00000000 00000000 00000000 00000008 0000025e 00000290 00000000 00000000 00000000 00000000 000007fd 00000000 
009 0EB810016000 00000000 00000016 00000008 00000001 00000000 00000000 00000000 00000008 0000025e 00000290 00000000 00000000 00000000 00000000 000007fd 00000000 
00A 003AB0000000 00000000 00000016 00000008 00000001 00000000 00000000 00000000 00000008 0000025e 00000290 00000000 00000000 00000000 00000000 000007fd 00000000 
00B 0F3900000000 00000000 00000016 00000008 00000001 00000000 00000000 00000000 00000008 0000025e 00000290 00000000 00000000 00000000 00000000 000007fd 00000000 
00C 007710001000 00000000 00000001 00000008 00000001 00000000 00000000 00000000 00000008 0000025e 00000290 00000000 00000000 00000000 00000000 000007fd 00000000 
00D 008810001000 00000000 00000001 00000008 00000001 00000000 00000000 00000000 00000009 0000025e 00000290 00000000 00000000 00000000 00000000 000007fd 00000000 
00E 009910001000 00000000 00000001 00000008 00000001 00000000 00000000 00000000 00000009 0000025f 00000290 00000000 00000000 00000000 00000000 000007fd 00000000 
00F 092710016008 00000000 00000016 00000008 00000001 00000000 00000000 00000000 00000009 0000025f 00000291 00000000 00000000 00000000 00000000 000007fd 00000000 
008 0EA800000000 00000000 00000016 00000008 00000001 00000000 00000000 00000000 00000009 0000025f 00000291 00000000 00000000 00000000 00000000 000007fd 00000000 
009 0EB810016000 00000000 00000016 00000008 00000001 00000000 00000000 00000000 00000009 0000025f 00000291 00000000 00000000 00000000 00000000 000007fd 00000000 
00A 003AB0000000 00000000 00000016 00000008 00000001 00000000 00000000 00000000 00000009 0000025f 00000291 00000000 00000000 00000000 00000000 000007fd 00000000 
00B 0F3900000000 00000000 00000016 00000008 00000001 00000000 00000000 00000000 00000009 0000025f 00000291 00000000 00000000 00000000 00000000 000007fd 00000000 
00C 007710001000 00000000 00000001 00000008 00000001 00000000 00000000 00000000 00000009 0000025f 00000291 00000000 00000000 00000000 00000000 000007fd 00000000 
00D 008810001000 00000000 00000001 00000008 00000001 00000000 00000000 00000000 0000000a 0000025f 00000291 00000000 00000000 00000000 00000000 000007fd 00000000 
00E 009910001000 00000000 00000001 00000008 00000001 00000000 00000000 00000000 0000000a 00000260 00000291 00000000 00000000 00000000 00000000 000007fd 00000000 
00F 092710016008 00000000 00000016 00000008 00000001 00000000 00000000 00000000 0000000a 00000260 00000292 00000000 00000000 00000000 00000000 000007fd 00000000 
008 0EA800000000 00000000 00000016 00000008 00000001 00000000 00000000 00000000 0000000a 00000260 00000292 00000000 00000000 00000000 00000000 000007fd 00000000 
009 0EB810016000 00000000 00000016 00000008 00000001 00000000 00000000 00000000 0000000a 00000260 00000292 00000000 00000000 00000000 00000000 000007fd 00000000 
00A 003AB0000000 00000000 00000016 00000008 00000001 00000000 00000000 00000000 0000000a 00000260 00000292 00000000 00000000 00000000 00000000 000007fd 00000000 
00B 0F3900000000 00000000 00000016 00000008 00000001 00000000 00000000 00000000 0000000a 00000260 00000292 00000000 00000000 00000000 00000000 000007fd 00000000 
00C 007710001000 00000000 00000001 00000008 00000001 00000000 00000000 00000000 0000000a 00000260 00000292 00000000 00000000 00000000 00000000 000007fd 00000000 
00D 008810001000 00000000 00000001 00000008 00000001 00000000 00000000 00000000 0000000b 00000260 00000292 00000000 00000000 00000000 00000000 000007fd 00000000 
00E 009910001000 00000000 00000001 00000008 00000001 00000000 00000000 00000000 0000000b 00000261 00000292 00000000 00000000 00000000 00000000 000007fd 00000000 
00F 092710016008 00000000 00000016 00000008 00000001 00000000 00000000 00000000 0000000b 00000261 00000293 00000000 00000000 00000000 00000000 000007fd 00000000 
008 0EA800000000 00000000 00000016 00000008 00000001 00000000 00000000 00000000 0000000b 00000261 00000293 00000000 00000000 00000000 00000000 000007fd 00000000 
009 0EB810016000 00000000 00000016 00000008 00000001 00000000 00000000 00000000 0000000b 00000261 00000293 00000000 00000000 00000000 00000000 000007fd 00000000 
00A 003AB0000000 00000000 00000016 00000008 00000001 00000000 00000000 00000000 0000000b 00000261 00000293 00000000 00000000 00000000 00000000 000007fd 00000000 
00B 0F3900000000 00000000 00000016 00000008 00000001 00000000 00000000 00000000 0000000b 00000261 00000293 00000000 00000000 00000000 00000000 000007fd 00000000 
00C 007710001000 00000000 00000001 00000008 00000001 00000000 00000000 00000000 0000000b 00000261 00000293 00000000 00000000 00000000 00000000 000007fd 00000000 
00D 008810001000 00000000 00000001 00000008 00000001 00000000 00000000 00000000 0000000c 00000261 00000293 00000000 00000000 00000000 00000000 000007fd 00000000 
00E 009910001000 00000000 00000001 00000008 00000001 00000000 00000000 00000000 0000000c 00000262 00000293 00000000 00000000 00000000 00000000 000007fd 00000000 
00F 092710016008 00000000 00000016 00000008 00000001 00000000 00000000 00000000 0000000c 00000262 00000294 00000000 00000000 00000000 00000000 000007fd 00000000 
008 0EA800000000 00000000 00000016 00000008 00000001 00000000 00000000 00000000 0000000c 00000262 00000294 00000000 00000000 00000000 00000000 000007fd 00000000 
009 0EB810016000 00000000 00000016 00000008 00000001 00000000 00000000 00000000 0000000c 00000262 00000294 00000000 00000000 00000000 00000000 000007fd 00000000 
00A 003AB0000000 00000000 00000016 00000008 00000001 00000000 00000000 00000000 0000000c 00000262 00000294 00000000 00000000 00000000 00000000 000007fd 00000000 
00B 0F3900000000 00000000 00000016 00000008 00000001 00000000 00000000 00000000 0000000c 00000262 00000294 00000000 00000000 00000000 00000000 000007fd 00000000 
00C 007710001000 00000000 00000001 00000008 00000001 00000000 00000000 00000000 0000000c 00000262 00000294 00000000 00000000 00000000 00000000 000007fd 00000000 
00D 008810001000 00000000 00000001 00000008 00000001 00000000 00000000 00000000 0000000d 00000262 00000294 00000000 00000000 00000000 00000000 000007fd 00000000 
00E 009910001000 00000000 00000001 00000008 00000001 00000000 00000000 00000000 0000000d 00000263 00000294 00000000 00000000 00000000 00000000 000007fd 00000000 
00F 092710016008 00000000 00000016 00000008 00000001 00000000 00000000 00000000 0000000d 00000263 00000295 00000000 00000000 00000000 00000000 000007fd 00000000 
008 0EA800000000 00000000 00000016 00000008 00000001 00000000 00000000 00000000 0000000d 00000263 00000295 00000000 00000000 00000000 00000000 000007fd 00000000 
009 0EB810016000 00000000 00000016 00000008 00000001 00000000 00000000 00000000 0000000d 00000263 00000295 00000000 00000000 00000000 00000000 000007fd 00000000 
00A 003AB0000000 00000000 00000016 00000008 00000001 00000000 00000000 00000000 0000000d 00000263 00000295 00000000 00000000 00000000 00000000 000007fd 00000000 
00B 0F3900000000 00000000 00000016 00000008 00000001 00000000 00000000 00000000 0000000d 00000263 00000295 00000000 00000000 00000000 00000000 000007fd 00000000 
00C 007710001000 00000000 00000001 00000008 00000001 00000000 00000000 00000000 0000000d 00000263 00000295 00000000 00000000 00000000 00000000 000007fd 00000000 
00D 008810001000 00000000 00000001 00000008 00000001 00000000 00000000 00000000 0000000e 00000263 00000295 00000000 00000000 00000000 00000000 000007fd 00000000 
00E 009910001000 00000000 00000001 00000008 00000001 00000000 00000000 00000000 0000000e 00000264 00000295 00000000 00000000 00000000 00000000 000007fd 00000000 
00F 092710016008 00000000 00000016 00000008 00000001 00000000 00000000 00000000 0000000e 00000264 00000296 00000000 00000000 00000000 00000000 000007fd 00000000 
008 0EA800000000 00000000 00000016 00000008 00000001 00000000 00000000 00000000 0000000e 00000264 00000296 00000000 00000000 00000000 00000000 000007fd 00000000 
009 0EB810016000 00000000 00000016 00000008 00000001 00000000 00000000 00000000 0000000e 00000264 00000296 00000000 00000000 00000000 00000000 000007fd 00000000 
00A 003AB0000000 00000000 00000016 00000008 00000001 00000000 00000000 00000000 0000000e 00000264 00000296 00000000 00000000 00000000 00000000 000007fd 00000000 
00B 0F3900000000 00000000 00000016 00000008 00000001 00000000 00000000 00000000 0000000e 00000264 00000296 00000000 00000000 00000000 00000000 000007fd 00000000 
00C 007710001000 00000000 00000001 00000008 00000001 00000000 00000000 00000000 0000000e 00000264 00000296 00000000 00000000 00000000 00000000 000007fd 00000000 
00D 008810001000 00000000 00000001 00000008 00000001 00000000 00000000 00000000 0000000f 00000264 00000296 00000000 00000000 00000000 00000000 000007fd 00000000 
00E 009910001000 00000000 00000001 00000008 00000001 00000000 00000000 00000000 0000000f 00000265 00000296 00000000 00000000 00000000 00000000 000007fd 00000000 
00F 092710016008 00000000 00000016 00000008 00000001 00000000 00000000 00000000 0000000f 00000265 00000297 00000000 00000000 00000000 00000000 000007fd 00000000 
008 0EA800000000 00000000 00000016 00000008 00000001 00000000 00000000 00000000 0000000f 00000265 00000297 00000000 00000000 00000000 00000000 000007fd 00000000 
009 0EB810016000 00000000 00000016 00000008 00000001 00000000 00000000 00000000 0000000f 00000265 00000297 00000000 00000000 00000000 00000000 000007fd 00000000 
00A 003AB0000000 00000000 00000016 00000008 00000001 00000000 00000000 00000000 0000000f 00000265 00000297 00000000 00000000 00000000 00000000 000007fd 00000000 
00B 0F3900000000 00000000 00000016 00000008 00000001 00000000 00000000 00000000 0000000f 00000265 00000297 00000000 00000000 00000000 00000000 000007fd 00000000 
00C 007710001000 00000000 00000001 00000008 00000001 00000000 00000000 00000000 0000000f 00000265 00000297 00000000 00000000 00000000 00000000 000007fd 00000000 
00D 008810001000 00000000 00000001 00000008 00000001 00000000 00000000 00000000 00000010 00000265 00000297 00000000 00000000 00000000 00000000 000007fd 00000000 
00E 009910001000 00000000 00000001 00000008 00000001 00000000 00000000 00000000 00000010 00000266 00000297 00000000 00000000 00000000 00000000 000007fd 00000000 
00F 092710016008 00000000 00000016 00000008 00000001 00000000 00000000 00000000 00000010 00000266 00000298 00000000 00000000 00000000 00000000 000007fd 00000000 
008 0EA800000000 00000000 00000016 00000008 00000001 00000000 00000000 00000000 00000010 00000266 00000298 00000000 00000000 00000000 00000000 000007fd 00000000 
009 0EB810016000 00000000 00000016 00000008 00000001 00000000 00000000 00000000 00000010 00000266 00000298 00000000 00000000 00000000 00000000 000007fd 00000000 
00A 003AB0000000 00000000 00000016 00000008 00000001 00000000 00000000 00000000 00000010 00000266 00000298 00000000 00000000 00000000 00000000 000007fd 00000000 
00B 0F3900000000 00000000 00000016 00000008 00000001 00000000 00000000 00000000 00000010 00000266 00000298 00000000 00000000 00000000 00000000 000007fd 00000000 
00C 007710001000 00000000 00000001 00000008 00000001 00000000 00000000 00000000 00000010 00000266 00000298 00000000 00000000 00000000 00000000 000007fd 00000000 
00D 008810001000 00000000 00000001 00000008 00000001 00000000 00000000 00000000 00000011 00000266 00000298 00000000 00000000 00000000 00000000 000007fd 00000000 
00E 009910001000 00000000 00000001 00000008 00000001 00000000 00000000 00000000 00000011 00000267 00000298 00000000 00000000 00000000 00000000 000007fd 00000000 
00F 092710016008 00000000 00000016 00000008 00000001 00000000 00000000 00000000 00000011 00000267 00000299 00000000 00000000 00000000 00000000 000007fd 00000000 
008 0EA800000000 00000000 00000016 00000008 00000001 00000000 00000000 00000000 00000011 00000267 00000299 00000000 00000000 00000000 00000000 000007fd 00000000 
009 0EB810016000 00000000 00000016 00000008 00000001 00000000 00000000 00000000 00000011 00000267 00000299 00000000 00000000 00000000 00000000 000007fd 00000000 
00A 003AB0000000 00000000 00000016 00000008 00000001 00000000 00000000 00000000 00000011 00000267 00000299 00000000 00000000 00000000 00000000 000007fd 00000000 
00B 0F3900000000 00000000 00000016 00000008 00000001 00000000 00000000 00000000 00000011 00000267 00000299 00000000 00000000 00000000 00000000 000007fd 00000000 
00C 007710001000 00000000 00000001 00000008 00000001 00000000 00000000 00000000 00000011 00000267 00000299 00000000 00000000 00000000 00000000 000007fd 00000000 
00D 008810001000 00000000 00000001 00000008 00000001 00000000 00000000 00000000 00000012 00000267 00000299 00000000 00000000 00000000 00000000 000007fd 00000000 
00E 009910001000 00000000 00000001 00000008 00000001 00000000 00000000 00000000 00000012 00000268 00000299 00000000 00000000 00000000 00000000 000007fd 00000000 
00F 092710016008 00000000 00000016 00000008 00000001 00000000 00000000 00000000 00000012 00000268 0000029a 00000000 00000000 00000000 00000000 000007fd 00000000 
008 0EA800000000 00000000 00000016 00000008 00000001 00000000 00000000 00000000 00000012 00000268 0000029a 00000000 00000000 00000000 00000000 000007fd 00000000 
009 0EB810016000 00000000 00000016 00000008 00000001 00000000 00000000 00000000 00000012 00000268 0000029a 00000000 00000000 00000000 00000000 000007fd 00000000 
00A 003AB0000000 00000000 00000016 00000008 00000001 00000000 00000000 00000000 00000012 00000268 0000029a 00000000 00000000 00000000 00000000 000007fd 00000000 
00B 0F3900000000 00000000 00000016 00000008 00000001 00000000 00000000 00000000 00000012 00000268 0000029a 00000000 00000000 00000000 00000000 000007fd 00000000 
00C 007710001000 00000000 00000001 00000008 00000001 00000000 00000000 00000000 00000012 00000268 0000029a 00000000 00000000 00000000 00000000 000007fd 00000000 
00D 008810001000 00000000 00000001 00000008 00000001 00000000 00000000 00000000 00000013 00000268 0000029a 00000000 00000000 00000000 00000000 000007fd 00000000 
00E 009910001000 00000000 00000001 00000008 00000001 00000000 00000000 00000000 00000013 00000269 0000029a 00000000 00000000 00000000 00000000 000007fd 00000000 
00F 092710016008 00000000 00000016 00000008 00000001 00000000 00000000 00000000 00000013 00000269 0000029b 00000000 00000000 00000000 00000000 000007fd 00000000 
008 0EA800000000 00000000 00000016 00000008 00000001 00000000 00000000 00000000 00000013 00000269 0000029b 00000000 00000000 00000000 00000000 000007fd 00000000 
009 0EB810016000 00000000 00000016 00000008 00000001 00000000 00000000 00000000 00000013 00000269 0000029b 00000000 00000000 00000000 00000000 000007fd 00000000 
00A 003AB0000000 00000000 00000016 00000008 00000001 00000000 00000000 00000000 00000013 00000269 0000029b 00000000 00000000 00000000 00000000 000007fd 00000000 
00B 0F3900000000 00000000 00000016 00000008 00000001 00000000 00000000 00000000 00000013 00000269 0000029b 00000000 00000000 00000000 00000000 000007fd 00000000 
00C 007710001000 00000000 00000001 00000008 00000001 00000000 00000000 00000000 00000013 00000269 0000029b 00000000 00000000 00000000 00000000 000007fd 00000000 
00D 008810001000 00000000 00000001 00000008 00000001 00000000 00000000 00000000 00000014 00000269 0000029b 00000000 00000000 00000000 00000000 000007fd 00000000 
00E 009910001000 00000000 00000001 00000008 00000001 00000000 00000000 00000000 00000014 0000026a 0000029b 00000000 00000000 00000000 00000000 000007fd 00000000 
00F 092710016008 00000000 00000016 00000008 00000001 00000000 00000000 00000000 00000014 0000026a 0000029c 00000000 00000000 00000000 00000000 000007fd 00000000 
008 0EA800000000 00000000 00000016 00000008 00000001 00000000 00000000 00000000 00000014 0000026a 0000029c 00000000 00000000 00000000 00000000 000007fd 00000000 
009 0EB810016000 00000000 00000016 00000008 00000001 00000000 00000000 00000000 00000014 0000026a 0000029c 00000000 00000000 00000000 00000000 000007fd 00000000 
00A 003AB0000000 00000000 00000016 00000008 00000001 00000000 00000000 00000000 00000014 0000026a 0000029c 00000000 00000000 00000000 00000000 000007fd 00000000 
00B 0F3900000000 00000000 00000016 00000008 00000001 00000000 00000000 00000000 00000014 0000026a 0000029c 00000000 00000000 00000000 00000000 000007fd 00000000 
00C 007710001000 00000000 00000001 00000008 00000001 00000000 00000000 00000000 00000014 0000026a 0000029c 00000000 00000000 00000000 00000000 000007fd 00000000 
00D 008810001000 00000000 00000001 00000008 00000001 00000000 00000000 00000000 00000015 0000026a 0000029c 00000000 00000000 00000000 00000000 000007fd 00000000 
00E 009910001000 00000000 00000001 00000008 00000001 00000000 00000000 00000000 00000015 0000026b 0000029c 00000000 00000000 00000000 00000000 000007fd 00000000 
00F 092710016008 00000000 00000016 00000008 00000001 00000000 00000000 00000000 00000015 0000026b 0000029d 00000000 00000000 00000000 00000000 000007fd 00000000 
008 0EA800000000 00000000 00000016 00000008 00000001 00000000 00000000 00000000 00000015 0000026b 0000029d 00000000 00000000 00000000 00000000 000007fd 00000000 
009 0EB810016000 00000000 00000016 00000008 00000001 00000000 00000000 00000000 00000015 0000026b 0000029d 00000000 00000000 00000000 00000000 000007fd 00000000 
00A 003AB0000000 00000000 00000016 00000008 00000001 00000000 00000000 00000000 00000015 0000026b 0000029d 00000000 00000000 00000000 00000000 000007fd 00000000 
00B 0F3900000000 00000000 00000016 00000008 00000001 00000000 00000000 00000000 00000015 0000026b 0000029d 00000000 00000000 00000000 00000000 000007fd 00000000 
00C 007710001000 00000000 00000001 00000008 00000001 00000000 00000000 00000000 00000015 0000026b 0000029d 00000000 00000000 00000000 00000000 000007fd 00000000 
00D 008810001000 00000000 00000001 00000008 00000001 00000000 00000000 00000000 00000016 0000026b 0000029d 00000000 00000000 00000000 00000000 000007fd 00000000 
00E 009910001000 00000000 00000001 00000008 00000001 00000000 00000000 00000000 00000016 0000026c 0000029d 00000000 00000000 00000000 00000000 000007fd 00000000 
00F 092710016008 00000000 00000016 00000008 00000001 00000000 00000000 00000000 00000016 0000026c 0000029e 00000000 00000000 00000000 00000000 000007fd 00000000 
010 0EAE00000000 00000000 00000016 00000008 00000001 00000000 00000000 00000000 00000016 0000026c 0000029e 00000000 00000000 00000000 00000000 000007fd 00000000 
011 0EBE10001000 00000000 00000001 00000008 00000001 00000000 00000000 00000000 00000016 0000026c 0000029e 00000000 00000000 00000000 00000000 000007fd 00000000 
012 0E3E10002000 00000000 00000002 00000008 00000001 00000000 00000000 00000000 00000016 0000026c 0000029e 00000000 00000000 00000000 00000000 000007fd 00000000 
013 00EE10003000 00000000 00000003 00000008 00000001 00000000 00000000 00000000 00000016 0000026c 0000029e 00000000 00000000 00000000 00000000 000007fd 00000000 
014 130000000000 00000000 00000003 00000008 00000001 00000000 00000000 00000000 00000016 0000026c 0000029e 00000000 00000000 00000000 00000000 00000800 00000000 
